# Covariance matrix (Cov^{unfold}) of the isotopic (U235 and Pu combo) and total unfolded antineutrino spectra of IBD reaction based on Wiener-SVD method. 
# The covariance matrix is from toy Monte Carlo tests, and the bias from the input model in the unfolding method has been included. 
# The first, middle, and last 25 bins represent U235, Pu combo, and total spectra respectively. 
# A reminder that the content in the antineutrino energy spectrum has been divided by the bin width. 
3.76649e-89	-1.61386e-89	-1.02929e-89	-1.11528e-90	3.73496e-90	-3.78797e-90	-1.79276e-90	5.95325e-90	-3.16672e-90	-5.34601e-90	-6.01548e-90	2.00626e-90	-3.95225e-90	-7.36454e-90	3.27901e-90	1.74598e-90	-4.17407e-90	-2.07501e-90	-2.31714e-91	-1.83832e-90	-2.81727e-91	1.06262e-90	-5.5318e-90	1.72856e-90	-2.15931e-91	2.64735e-89	-3.20682e-89	-1.36958e-89	-5.22051e-90	-9.90077e-90	1.12115e-90	-2.16817e-90	-6.53998e-90	1.83015e-90	-1.72721e-89	-1.74172e-89	-9.75751e-90	-7.88774e-90	-9.76564e-90	9.46844e-91	-1.0333e-89	-9.27239e-90	-2.71006e-91	-4.03753e-90	-5.25087e-90	2.46262e-91	-1.36353e-90	-7.55198e-90	4.26826e-90	-5.02429e-91	9.7103e-90	-3.54854e-93	-1.37186e-90	7.26765e-91	-1.77235e-90	-2.93968e-90	-5.62239e-90	-5.92274e-90	-6.06694e-90	-7.66128e-90	-4.83143e-90	-5.25553e-90	-6.39598e-90	-4.86301e-90	-1.65396e-90	-4.11596e-90	-2.42795e-90	-1.34488e-90	-4.13598e-90	-5.58726e-91	-7.89096e-91	-1.68263e-90	2.83584e-90	-7.9855e-90	4.15491e-91	
-1.61386e-89	2.30367e-89	1.37509e-89	3.95427e-90	6.07188e-91	8.01866e-90	7.20427e-90	3.54083e-91	7.95979e-90	9.69371e-90	9.51188e-90	2.20473e-90	7.0811e-90	9.55563e-90	-1.05959e-91	6.54868e-91	5.15377e-90	3.38266e-90	1.65059e-90	2.56038e-90	1.19543e-90	9.73207e-93	5.35002e-90	-1.15612e-90	2.22624e-91	-3.08292e-89	2.32603e-89	1.38506e-89	1.01673e-89	1.4283e-89	4.85537e-90	7.23991e-90	1.01868e-89	2.96382e-90	1.92042e-89	1.94996e-89	1.27086e-89	1.10928e-89	1.29292e-89	3.41874e-90	1.17471e-89	1.03622e-89	2.96114e-90	5.5992e-90	6.0471e-90	1.02666e-90	1.778e-90	6.74057e-90	-3.08692e-90	5.92157e-91	-6.42669e-90	2.30095e-90	3.53971e-90	1.79014e-90	3.40001e-90	4.26899e-90	6.8139e-90	6.19756e-90	7.1342e-90	7.86526e-90	5.83273e-90	5.61583e-90	6.76475e-90	5.55287e-90	2.53055e-90	4.43887e-90	2.98494e-90	1.68237e-90	4.15824e-90	1.02393e-90	9.89683e-91	1.59293e-90	-2.08659e-90	6.71128e-90	-3.27616e-91	
-1.02929e-89	1.37509e-89	1.58572e-89	9.79532e-90	4.6857e-90	7.06742e-90	8.16928e-90	5.93206e-90	9.16786e-90	8.73466e-90	8.44497e-90	5.2016e-90	7.54694e-90	8.34959e-90	3.13784e-90	3.44888e-90	5.08903e-90	2.9157e-90	1.96994e-90	3.27221e-90	2.45951e-90	6.87289e-91	2.74372e-90	-7.68617e-92	2.46685e-91	-1.25532e-89	1.28881e-89	5.11478e-90	4.64942e-90	9.93e-90	7.25325e-90	8.80486e-90	9.87835e-90	6.00543e-90	1.50987e-89	1.59193e-89	1.22484e-89	1.06158e-89	1.02045e-89	3.78295e-90	7.75822e-90	7.5329e-90	4.12325e-90	5.28987e-90	4.28516e-90	1.97019e-91	1.09279e-90	4.78516e-90	-3.08068e-91	3.0641e-91	-2.95183e-90	2.0416e-90	2.90224e-90	2.31431e-90	3.24856e-90	3.77649e-90	5.27916e-90	4.75108e-90	5.17663e-90	5.71514e-90	4.42336e-90	4.071e-90	4.5863e-90	4.10618e-90	2.2072e-90	3.06142e-90	2.36734e-90	1.4288e-90	2.58363e-90	8.98824e-91	9.56327e-91	9.66006e-91	-8.93292e-91	3.60095e-90	-1.54783e-91	
-1.11528e-90	3.95427e-90	9.79532e-90	1.56893e-89	1.24297e-89	9.45368e-90	8.69894e-90	8.97418e-90	9.98719e-90	9.66357e-90	8.11784e-90	6.83043e-90	7.7819e-90	7.6528e-90	5.60726e-90	5.25141e-90	4.61219e-90	2.65147e-90	3.24478e-90	4.03358e-90	2.40021e-90	6.58575e-91	1.17557e-90	1.40198e-90	1.57703e-91	1.0195e-90	5.26298e-90	2.13904e-90	1.11515e-90	4.795e-90	7.46367e-90	9.19187e-90	9.99565e-90	9.84536e-90	1.21076e-89	1.22296e-89	1.0425e-89	8.84248e-90	7.46428e-90	4.95473e-90	5.05038e-90	4.96096e-90	4.01567e-90	3.50351e-90	2.58015e-90	1.09339e-90	1.04407e-90	1.87649e-90	1.06396e-90	1.55361e-91	3.04681e-91	1.51382e-90	2.48266e-90	2.58478e-90	3.05846e-90	3.29709e-90	3.86992e-90	3.80467e-90	3.52618e-90	3.75617e-90	3.15658e-90	2.66619e-90	2.64987e-90	2.82637e-90	1.83775e-90	1.83585e-90	1.83889e-90	1.02331e-90	1.28404e-90	8.17077e-91	6.61186e-91	5.39004e-91	9.32293e-92	8.89297e-91	-4.59096e-93	
3.73496e-90	6.07188e-91	4.6857e-90	1.24297e-89	2.01209e-89	1.74404e-89	1.26822e-89	1.0866e-89	1.0542e-89	1.12163e-89	9.82276e-90	8.57173e-90	8.15776e-90	8.2156e-90	7.39128e-90	4.961e-90	3.75992e-90	4.38166e-90	4.76045e-90	3.21815e-90	1.98797e-90	1.67748e-90	7.91431e-91	1.60794e-90	1.10516e-91	7.88057e-90	1.95465e-90	3.37474e-90	3.13608e-90	2.8731e-90	6.68067e-90	9.74252e-90	1.16506e-89	1.35536e-89	1.19666e-89	1.10932e-89	1.02754e-89	8.82458e-90	7.13494e-90	7.4638e-90	5.8368e-90	4.63662e-90	3.4863e-90	2.31727e-90	2.58118e-90	2.56431e-90	1.27494e-90	3.48733e-91	1.69484e-90	1.22264e-91	1.83565e-90	1.27277e-90	2.34177e-90	3.1407e-90	3.34267e-90	3.44661e-90	3.81782e-90	3.92464e-90	3.57531e-90	3.37743e-90	3.06764e-90	2.61993e-90	2.22163e-90	2.58729e-90	2.04699e-90	1.66127e-90	1.8152e-90	1.16167e-90	8.05909e-91	9.47186e-91	5.68537e-91	4.36748e-91	6.85362e-91	-5.1885e-91	7.63185e-92	
-3.78797e-90	8.01866e-90	7.06742e-90	9.45368e-90	1.74404e-89	2.6276e-89	2.27677e-89	1.58986e-89	1.52008e-89	1.50429e-89	1.50702e-89	1.22122e-89	1.26142e-89	1.19368e-89	6.51394e-90	5.30875e-90	7.29399e-90	7.08339e-90	5.8524e-90	3.58896e-90	1.91768e-90	2.29839e-90	3.25326e-90	1.17487e-90	1.42556e-91	-4.5653e-90	1.20262e-89	1.14507e-89	1.06427e-89	1.05997e-89	7.90283e-90	1.10404e-89	1.50729e-89	1.51892e-89	1.98298e-89	1.88129e-89	1.56535e-89	1.39999e-89	1.33152e-89	1.02997e-89	1.15269e-89	8.67343e-90	4.18846e-90	4.42276e-90	5.49422e-90	4.05023e-90	2.47781e-90	2.6752e-90	8.53764e-92	3.14953e-91	-1.12739e-90	1.35638e-90	3.19551e-90	3.34971e-90	4.54876e-90	5.2097e-90	6.5748e-90	6.53102e-90	6.65816e-90	6.59356e-90	5.48475e-90	5.02787e-90	4.86397e-90	4.58523e-90	3.06191e-90	3.40215e-90	2.92146e-90	1.83477e-90	2.38692e-90	1.25291e-90	8.89911e-91	1.11784e-90	-2.00749e-91	2.12634e-90	-4.7832e-92	
-1.79276e-90	7.20427e-90	8.16928e-90	8.69894e-90	1.26822e-89	2.27677e-89	3.0877e-89	2.67095e-89	2.07254e-89	1.59347e-89	1.51029e-89	1.51938e-89	1.50524e-89	1.2211e-89	7.8243e-90	8.08999e-90	9.60269e-90	7.36596e-90	5.16481e-90	4.10037e-90	3.2208e-90	2.86744e-90	2.77684e-90	1.31972e-90	2.13462e-91	-2.48663e-90	9.90101e-90	1.16757e-89	1.38961e-89	1.49556e-89	1.1903e-89	1.17873e-89	1.39268e-89	1.5094e-89	1.9319e-89	1.89644e-89	1.66335e-89	1.51213e-89	1.40053e-89	1.1171e-89	1.10625e-89	8.74497e-90	5.87926e-90	5.65636e-90	5.31782e-90	3.32051e-90	2.14006e-90	2.55649e-90	1.28133e-90	3.35669e-91	-2.92785e-91	1.1668e-90	3.17413e-90	3.49312e-90	4.60651e-90	5.52965e-90	6.49795e-90	6.56607e-90	6.58474e-90	6.62482e-90	5.43438e-90	4.91506e-90	4.67852e-90	4.3431e-90	3.23305e-90	3.14832e-90	2.96198e-90	1.87119e-90	2.07595e-90	1.28916e-90	8.92429e-91	1.01608e-90	-6.14624e-92	1.62002e-90	-9.23024e-93	
5.95325e-90	3.54083e-91	5.93206e-90	8.97418e-90	1.0866e-89	1.58986e-89	2.67095e-89	3.4762e-89	2.71719e-89	1.79517e-89	1.34812e-89	1.44218e-89	1.27962e-89	1.05096e-89	1.03278e-89	9.86809e-90	8.53485e-90	5.7085e-90	4.63098e-90	4.11046e-90	4.00843e-90	3.33281e-90	1.08861e-91	2.12447e-90	2.32913e-91	9.6408e-90	-1.09082e-91	6.07323e-90	1.19695e-89	1.41492e-89	1.60055e-89	1.30804e-89	1.08945e-89	1.32787e-89	1.15953e-89	1.24502e-89	1.35792e-89	1.27786e-89	1.04137e-89	1.03761e-89	6.51156e-90	5.89728e-90	7.22177e-90	5.44532e-90	3.54565e-90	2.46823e-90	1.30801e-90	5.54053e-91	3.51298e-90	1.48573e-91	2.44319e-90	6.72024e-91	2.46511e-90	3.42617e-90	4.06549e-90	4.84844e-90	4.79361e-90	5.15136e-90	4.85036e-90	4.73421e-90	4.21366e-90	3.53602e-90	2.76256e-90	2.99531e-90	2.89027e-90	1.98409e-90	2.34678e-90	1.60412e-90	7.42849e-91	1.20273e-90	7.16005e-91	4.87697e-91	8.71758e-91	-1.01878e-90	1.37901e-91	
-3.16672e-90	7.95979e-90	9.16786e-90	9.98719e-90	1.0542e-89	1.52008e-89	2.07254e-89	2.71719e-89	3.3017e-89	2.80616e-89	1.94736e-89	1.23928e-89	1.2658e-89	1.41792e-89	1.04605e-89	8.52768e-90	8.07477e-90	6.01045e-90	5.84638e-90	5.58076e-90	3.87273e-90	2.52192e-90	2.37056e-90	1.25553e-90	3.05129e-91	-3.58158e-90	1.13944e-89	1.26802e-89	1.4944e-89	1.92347e-89	1.77842e-89	1.6668e-89	1.54887e-89	1.30142e-89	1.76427e-89	1.87123e-89	1.72767e-89	1.65447e-89	1.59543e-89	1.23527e-89	1.24138e-89	1.05255e-89	7.33578e-90	6.32194e-90	5.56576e-90	3.4368e-90	2.31686e-90	3.23679e-90	2.07404e-90	5.0014e-91	-8.89509e-91	9.82108e-91	3.36996e-90	3.42388e-90	5.03915e-90	6.14193e-90	7.20308e-90	7.59571e-90	7.5604e-90	7.95467e-90	6.43856e-90	5.88622e-90	5.60214e-90	5.30556e-90	3.68035e-90	3.91649e-90	3.48356e-90	2.13283e-90	2.52052e-90	1.57686e-90	1.1004e-90	1.15416e-90	-1.0097e-91	1.94028e-90	-1.84202e-92	
-5.34601e-90	9.69371e-90	8.73466e-90	9.66357e-90	1.12163e-89	1.50429e-89	1.59347e-89	1.79517e-89	2.80616e-89	3.31113e-89	2.55096e-89	1.34883e-89	1.23528e-89	1.42028e-89	9.58952e-90	7.25413e-90	7.09123e-90	5.76283e-90	6.56683e-90	5.95949e-90	3.30303e-90	2.28031e-90	3.05281e-90	7.90699e-91	3.00864e-91	-6.77263e-90	1.37958e-89	1.42113e-89	1.56778e-89	1.99646e-89	1.76561e-89	1.77632e-89	1.74006e-89	1.31547e-89	1.75011e-89	1.8392e-89	1.69489e-89	1.65214e-89	1.66864e-89	1.28277e-89	1.40897e-89	1.14109e-89	6.68693e-90	5.87512e-90	5.74871e-90	3.72285e-90	2.57772e-90	3.89999e-90	1.7063e-90	5.15922e-91	-2.11715e-90	1.05636e-90	3.55899e-90	3.33801e-90	5.12077e-90	6.30332e-90	7.60301e-90	8.11231e-90	8.02133e-90	8.65026e-90	6.91673e-90	6.37364e-90	6.53484e-90	5.73621e-90	3.86781e-90	4.39081e-90	3.80282e-90	2.263e-90	2.92712e-90	1.7461e-90	1.17094e-90	1.34596e-90	-3.16782e-91	2.58592e-90	-5.84709e-92	
-6.01548e-90	9.51188e-90	8.44497e-90	8.11784e-90	9.82276e-90	1.50702e-89	1.51029e-89	1.34812e-89	1.94736e-89	2.55096e-89	2.88681e-89	2.09241e-89	1.61893e-89	1.33641e-89	6.84197e-90	6.5344e-90	7.78409e-90	6.05221e-90	6.00325e-90	5.4681e-90	3.06909e-90	1.67846e-90	3.43605e-90	1.22741e-90	2.45747e-91	-1.04784e-89	1.49118e-89	1.44085e-89	1.52733e-89	1.96781e-89	1.72587e-89	1.8484e-89	1.92333e-89	1.50901e-89	1.97158e-89	1.86066e-89	1.51357e-89	1.4577e-89	1.59108e-89	1.2436e-89	1.46851e-89	1.1655e-89	6.12196e-90	5.81891e-90	6.10566e-90	3.9811e-90	3.01209e-90	4.26101e-90	3.81814e-91	3.51057e-91	-3.43452e-90	8.15808e-91	3.06904e-90	2.76247e-90	4.61038e-90	5.80662e-90	7.37155e-90	7.73673e-90	7.90742e-90	8.38725e-90	6.9227e-90	6.25904e-90	6.5352e-90	5.74912e-90	3.63783e-90	4.29446e-90	3.75576e-90	2.11249e-90	3.02768e-90	1.6382e-90	1.1169e-90	1.37514e-90	-5.12238e-91	3.04442e-90	-9.22503e-92	
2.00626e-90	2.20473e-90	5.2016e-90	6.83043e-90	8.57173e-90	1.22122e-89	1.51938e-89	1.44218e-89	1.23928e-89	1.34883e-89	2.09241e-89	2.63611e-89	2.06089e-89	1.09264e-89	5.76327e-90	5.97026e-90	7.18523e-90	5.80954e-90	4.61509e-90	4.04946e-90	3.1347e-90	1.97202e-90	1.53692e-90	1.79656e-90	1.16839e-91	6.86128e-91	4.7732e-90	8.2907e-90	1.12399e-89	1.42914e-89	1.61252e-89	1.67742e-89	1.71983e-89	1.72713e-89	1.54679e-89	1.2404e-89	9.26617e-90	8.55186e-90	9.9171e-90	1.06676e-89	9.47354e-90	7.18359e-90	5.23091e-90	4.20114e-90	3.84751e-90	3.43029e-90	2.49806e-90	1.55813e-90	1.17128e-90	1.25786e-91	-3.73555e-91	4.06763e-91	1.92385e-90	2.34739e-90	3.28115e-90	4.16889e-90	4.63131e-90	4.87388e-90	4.94582e-90	5.00007e-90	4.2596e-90	4.00439e-90	3.61746e-90	3.42858e-90	2.6004e-90	2.36574e-90	2.46783e-90	1.31469e-90	1.44315e-90	1.07287e-90	7.61185e-91	6.41499e-91	3.38793e-91	3.51449e-91	3.72845e-92	
-3.95225e-90	7.0811e-90	7.54694e-90	7.7819e-90	8.15776e-90	1.26142e-89	1.50524e-89	1.27962e-89	1.2658e-89	1.23528e-89	1.61893e-89	2.06089e-89	2.4045e-89	1.73883e-89	6.54907e-90	5.0734e-90	7.17224e-90	6.11186e-90	4.68101e-90	3.85766e-90	2.86255e-90	2.11993e-90	3.00124e-90	7.86479e-91	1.56551e-91	-6.95486e-90	1.17398e-89	1.15642e-89	1.24004e-89	1.62531e-89	1.5354e-89	1.66799e-89	1.83048e-89	1.66144e-89	1.94277e-89	1.66814e-89	1.13413e-89	8.72373e-90	9.5797e-90	8.16588e-90	1.0503e-89	9.07807e-90	5.77449e-90	5.56564e-90	4.95804e-90	2.66573e-90	2.06669e-90	2.99216e-90	7.65386e-91	3.38231e-91	-2.04033e-90	9.12388e-91	2.52008e-90	2.46451e-90	3.62423e-90	4.7326e-90	5.67308e-90	5.7744e-90	6.08743e-90	6.1687e-90	4.99585e-90	4.84947e-90	4.85725e-90	4.27616e-90	2.77859e-90	3.35821e-90	2.64903e-90	1.53167e-90	2.4891e-90	9.7982e-91	9.82304e-91	8.75465e-91	-2.05997e-91	2.1226e-90	-6.16564e-92	
-7.36454e-90	9.55563e-90	8.34959e-90	7.6528e-90	8.2156e-90	1.19368e-89	1.2211e-89	1.05096e-89	1.41792e-89	1.42028e-89	1.33641e-89	1.09264e-89	1.73883e-89	2.13608e-89	1.25471e-89	6.29941e-90	5.51488e-90	4.63061e-90	4.63818e-90	4.01519e-90	2.3869e-90	1.86243e-90	3.25789e-90	3.55446e-91	2.42489e-91	-9.73639e-90	1.43582e-89	1.21675e-89	1.24688e-89	1.65155e-89	1.41509e-89	1.55845e-89	1.72076e-89	1.4237e-89	1.98644e-89	1.83167e-89	1.31236e-89	9.74869e-90	8.44144e-90	4.47784e-90	9.20665e-90	9.54621e-90	6.15256e-90	6.24681e-90	5.4299e-90	2.04245e-90	1.57724e-90	3.7797e-90	5.72493e-91	3.66067e-91	-2.61892e-90	1.36619e-90	2.91401e-90	2.50656e-90	3.99379e-90	4.85401e-90	6.05444e-90	6.22282e-90	6.45522e-90	6.73333e-90	5.47656e-90	5.1288e-90	5.3054e-90	4.91511e-90	2.85222e-90	3.8815e-90	2.79262e-90	1.66867e-90	2.91613e-90	1.05948e-90	1.12289e-90	9.48704e-91	-4.20903e-91	2.90472e-90	-1.02546e-91	
3.27901e-90	-1.05959e-91	3.13784e-90	5.60726e-90	7.39128e-90	6.51394e-90	7.8243e-90	1.03278e-89	1.04605e-89	9.58952e-90	6.84197e-90	5.76327e-90	6.54907e-90	1.25471e-89	1.71087e-89	1.12933e-89	3.75948e-90	1.4094e-90	2.49852e-90	3.02744e-90	2.40988e-90	1.36775e-90	-1.98874e-91	1.43093e-90	1.87271e-91	7.2253e-90	-8.3074e-91	2.57776e-90	6.55808e-90	8.99132e-90	1.19001e-89	1.14665e-89	1.03607e-89	1.12408e-89	8.92981e-90	8.35069e-90	7.83153e-90	5.809e-90	2.31072e-90	1.16804e-90	4.51447e-91	3.04235e-90	5.34616e-90	4.06065e-90	2.19359e-90	1.06155e-90	7.46661e-91	5.85015e-91	2.09506e-90	1.32636e-92	1.45465e-90	8.38043e-91	1.58487e-90	2.03847e-90	2.5465e-90	2.51886e-90	2.36215e-90	2.9062e-90	2.43792e-90	2.47822e-90	2.39992e-90	2.03327e-90	1.6646e-90	2.06067e-90	1.69106e-90	1.47231e-90	1.38019e-90	9.52412e-91	5.79812e-91	6.59217e-91	6.79964e-91	5.48065e-92	7.32768e-91	-8.36362e-91	8.68573e-92	
1.74598e-90	6.54868e-91	3.44888e-90	5.25141e-90	4.961e-90	5.30875e-90	8.08999e-90	9.86809e-90	8.52768e-90	7.25413e-90	6.5344e-90	5.97026e-90	5.0734e-90	6.29941e-90	1.12933e-89	1.42477e-89	9.28851e-90	1.88179e-90	8.28264e-91	2.76143e-90	2.53877e-90	7.97457e-91	-4.59818e-92	1.47446e-90	1.35069e-91	3.95441e-90	1.28604e-90	3.0546e-90	5.78762e-90	8.40441e-90	9.90215e-90	9.2099e-90	8.20426e-90	8.98614e-90	9.133e-90	9.35735e-90	8.81308e-90	7.30203e-90	4.63762e-90	1.93081e-90	7.02414e-92	1.63805e-90	4.02982e-90	3.82931e-90	2.45624e-90	1.46367e-90	1.40785e-90	1.2458e-90	1.04517e-90	-1.12684e-92	1.35497e-91	6.60788e-91	1.45183e-90	1.64012e-90	2.19024e-90	2.23978e-90	2.41323e-90	2.8204e-90	2.40236e-90	2.62966e-90	2.4261e-90	1.96758e-90	1.87488e-90	1.89005e-90	1.60931e-90	1.40722e-90	1.43016e-90	9.84574e-91	6.96935e-91	5.83411e-91	6.35713e-91	2.08953e-91	3.84433e-91	-1.51563e-91	5.10338e-92	
-4.17407e-90	5.15377e-90	5.08903e-90	4.61219e-90	3.75992e-90	7.29399e-90	9.60269e-90	8.53485e-90	8.07477e-90	7.09123e-90	7.78409e-90	7.18523e-90	7.17224e-90	5.51488e-90	3.75948e-90	9.28851e-90	1.31579e-89	7.08686e-90	1.77367e-90	1.87832e-90	1.40509e-90	8.91486e-91	1.93e-90	3.90062e-91	1.20984e-91	-5.47276e-90	8.45984e-90	7.00733e-90	7.42738e-90	9.87657e-90	7.74704e-90	7.97241e-90	8.62837e-90	7.82064e-90	1.25076e-89	1.26747e-89	1.05883e-89	9.36491e-90	8.57389e-90	4.31943e-90	3.60777e-90	1.92371e-90	1.05597e-90	3.02965e-90	3.77216e-90	2.46268e-90	1.9364e-90	2.45742e-90	-3.18092e-91	1.94713e-91	-2.22742e-90	6.51924e-91	1.72891e-90	1.35636e-90	2.40146e-90	2.91244e-90	3.86888e-90	3.8899e-90	4.04575e-90	4.24747e-90	3.4651e-90	3.22735e-90	3.16786e-90	2.87867e-90	1.80625e-90	2.22222e-90	1.93366e-90	1.24148e-90	1.69285e-90	6.23984e-91	6.99134e-91	6.65568e-91	-3.08879e-91	1.7408e-90	-4.66517e-92	
-2.07501e-90	3.38266e-90	2.9157e-90	2.65147e-90	4.38166e-90	7.08339e-90	7.36596e-90	5.7085e-90	6.01045e-90	5.76283e-90	6.05221e-90	5.80954e-90	6.11186e-90	4.63061e-90	1.4094e-90	1.88179e-90	7.08686e-90	1.02141e-89	5.75973e-90	6.26678e-91	-3.76782e-91	8.23907e-91	1.74699e-90	1.42523e-91	9.82436e-92	-2.88558e-90	5.46937e-90	6.12237e-90	6.48046e-90	6.84837e-90	5.04445e-90	5.74563e-90	7.09138e-90	6.89892e-90	8.56857e-90	7.86219e-90	6.72896e-90	6.79986e-90	7.4457e-90	5.98963e-90	4.54358e-90	6.60081e-91	-2.42825e-90	-5.98647e-91	2.30037e-90	2.74922e-90	1.63371e-90	1.12164e-90	-1.6984e-91	2.20323e-91	-9.99725e-91	4.05844e-91	1.13749e-90	1.10752e-90	1.72008e-90	2.16141e-90	2.76632e-90	2.81642e-90	2.9908e-90	2.84634e-90	2.38031e-90	2.44819e-90	2.06886e-90	2.09749e-90	1.26131e-90	1.58138e-90	1.29687e-90	9.53181e-91	1.19448e-90	3.85285e-91	4.3701e-91	4.81585e-91	-8.59756e-92	8.84331e-91	-8.84547e-93	
-2.31714e-91	1.65059e-90	1.96994e-90	3.24478e-90	4.76045e-90	5.8524e-90	5.16481e-90	4.63098e-90	5.84638e-90	6.56683e-90	6.00325e-90	4.61509e-90	4.68101e-90	4.63818e-90	2.49852e-90	8.28264e-91	1.77367e-90	5.75973e-90	8.30473e-90	4.19245e-90	-2.23602e-93	-1.36127e-91	6.62461e-91	9.68287e-91	7.03343e-92	1.02684e-91	3.58028e-90	5.07356e-90	5.39513e-90	5.52254e-90	5.03019e-90	5.63946e-90	6.79983e-90	6.94548e-90	6.70295e-90	5.84898e-90	5.38781e-90	5.9476e-90	6.74552e-90	6.57629e-90	5.29966e-90	2.12587e-90	-1.54261e-90	-2.33688e-90	-4.34813e-91	1.45468e-90	1.61196e-90	1.13914e-90	3.48496e-91	5.66438e-92	-1.27582e-91	4.51986e-91	9.75627e-91	1.13943e-90	1.464e-90	1.721e-90	1.96437e-90	2.08618e-90	2.08256e-90	1.98352e-90	1.70129e-90	1.69559e-90	1.50611e-90	1.53034e-90	1.09482e-90	1.02983e-90	1.04143e-90	6.38847e-91	7.58243e-91	5.09403e-91	2.73634e-91	3.5207e-91	5.75596e-92	3.32876e-91	1.55047e-92	
-1.83832e-90	2.56038e-90	3.27221e-90	4.03358e-90	3.21815e-90	3.58896e-90	4.10037e-90	4.11046e-90	5.58076e-90	5.95949e-90	5.4681e-90	4.04946e-90	3.85766e-90	4.01519e-90	3.02744e-90	2.76143e-90	1.87832e-90	6.26678e-91	4.19245e-90	7.38832e-90	3.50478e-90	-8.02534e-91	4.31371e-91	8.00169e-91	5.93921e-92	-2.49757e-90	4.92041e-90	4.08256e-90	4.29469e-90	6.06563e-90	5.73052e-90	6.16454e-90	6.81597e-90	6.10688e-90	7.86988e-90	7.67242e-90	6.49611e-90	6.06371e-90	5.88099e-90	4.19284e-90	4.63577e-90	3.86593e-90	1.54074e-90	-4.22363e-91	-1.76129e-90	-1.3348e-90	8.46689e-91	2.08326e-90	6.88732e-91	6.45767e-92	-8.29893e-91	6.54523e-91	1.21246e-90	1.14942e-90	1.64036e-90	1.77126e-90	2.3727e-90	2.35557e-90	2.26816e-90	2.52248e-90	2.04202e-90	1.80235e-90	1.90847e-90	1.89152e-90	1.1125e-90	1.19974e-90	1.30218e-90	5.94772e-91	9.17943e-91	6.92975e-91	4.1845e-91	3.64818e-91	-7.71808e-92	9.03234e-91	-1.40216e-92	
-2.81727e-91	1.19543e-90	2.45951e-90	2.40021e-90	1.98797e-90	1.91768e-90	3.2208e-90	4.00843e-90	3.87273e-90	3.30303e-90	3.06909e-90	3.1347e-90	2.86255e-90	2.3869e-90	2.40988e-90	2.53877e-90	1.40509e-90	-3.76782e-91	-2.23602e-93	3.50478e-90	5.61352e-90	2.73175e-90	-5.52218e-91	-4.63137e-91	9.77703e-92	5.71882e-91	1.12406e-90	9.74095e-91	2.52976e-90	4.15946e-90	4.82695e-90	4.51209e-90	4.22955e-90	3.94912e-90	4.51072e-90	4.88576e-90	4.55176e-90	3.74894e-90	2.72418e-90	1.85056e-90	1.98864e-90	2.68568e-90	2.64752e-90	1.12075e-90	-1.28468e-90	-2.64046e-90	-1.05904e-90	8.68685e-91	1.6683e-90	9.71476e-92	-1.00108e-91	3.88622e-91	8.34532e-91	9.15133e-91	1.0336e-90	1.25313e-90	1.57461e-90	1.37368e-90	1.43848e-90	1.46588e-90	1.27128e-90	1.14893e-90	1.03349e-90	1.15967e-90	7.09851e-91	6.5303e-91	8.91033e-91	4.06701e-91	4.60672e-91	4.35376e-91	3.10461e-91	2.44107e-91	1.1429e-91	1.46328e-91	2.70954e-92	
1.06262e-90	9.73207e-93	6.87289e-91	6.58575e-91	1.67748e-90	2.29839e-90	2.86744e-90	3.33281e-90	2.52192e-90	2.28031e-90	1.67846e-90	1.97202e-90	2.11993e-90	1.86243e-90	1.36775e-90	7.97457e-91	8.91486e-91	8.23907e-91	-1.36127e-91	-8.02534e-91	2.73175e-90	5.71975e-90	7.25461e-91	-1.52573e-90	1.65833e-92	3.01911e-90	-1.70191e-90	-2.11272e-91	1.70053e-90	2.1038e-90	3.36256e-90	2.88061e-90	2.33045e-90	2.67421e-90	1.63193e-90	1.8111e-90	2.26629e-90	1.89317e-90	1.13969e-90	1.60361e-90	8.24704e-91	1.31193e-90	2.08718e-90	1.39838e-90	4.30579e-91	-9.51727e-91	-1.9751e-90	-1.25971e-90	1.34511e-90	9.33809e-92	6.6469e-91	3.69265e-92	2.7243e-91	4.55828e-91	3.54891e-91	6.33802e-91	3.82434e-91	1.67287e-91	4.34437e-91	1.36034e-91	2.4799e-91	2.39127e-91	2.0258e-92	1.41102e-91	1.76116e-91	6.32197e-92	2.24011e-91	1.08664e-91	-1.33644e-92	1.08516e-91	3.48438e-92	7.59723e-92	2.42443e-91	-5.13461e-91	4.61444e-92	
-5.5318e-90	5.35002e-90	2.74372e-90	1.17557e-90	7.91431e-91	3.25326e-90	2.77684e-90	1.08861e-91	2.37056e-90	3.05281e-90	3.43605e-90	1.53692e-90	3.00124e-90	3.25789e-90	-1.98874e-91	-4.59818e-92	1.93e-90	1.74699e-90	6.62461e-91	4.31371e-91	-5.52218e-91	7.25461e-91	4.45596e-90	3.47883e-91	-1.60045e-91	-9.90355e-90	8.71002e-90	5.82639e-90	3.64915e-90	4.49946e-90	1.77657e-90	2.79595e-90	4.06688e-90	2.07698e-90	7.06766e-90	6.49129e-90	3.84328e-90	3.25349e-90	4.19613e-90	1.69866e-90	4.34068e-90	3.48095e-90	7.6742e-91	1.78295e-90	2.46277e-90	1.04563e-90	8.29236e-93	3.99656e-91	-2.64158e-90	1.31284e-91	-2.24885e-90	4.38408e-91	7.98976e-91	2.55932e-91	9.4713e-91	1.16038e-90	1.89771e-90	1.88376e-90	2.07048e-90	2.30039e-90	1.66321e-90	1.5665e-90	1.97907e-90	1.5425e-90	5.64706e-91	1.3157e-90	8.50565e-91	4.05061e-91	1.22447e-90	2.63663e-91	2.35976e-91	4.50162e-91	-6.33972e-91	2.13977e-90	-1.13064e-91	
1.72856e-90	-1.15612e-90	-7.68617e-92	1.40198e-90	1.60794e-90	1.17487e-90	1.31972e-90	2.12447e-90	1.25553e-90	7.90699e-91	1.22741e-90	1.79656e-90	7.86479e-91	3.55446e-91	1.43093e-90	1.47446e-90	3.90062e-91	1.42523e-91	9.68287e-91	8.00169e-91	-4.63137e-91	-1.52573e-90	3.47883e-91	3.53201e-90	6.30111e-92	2.06442e-90	-1.59237e-91	6.4727e-91	6.10563e-91	4.95849e-91	1.15793e-90	1.49286e-90	1.7583e-90	2.48621e-90	1.3609e-90	7.50652e-91	6.27279e-91	6.11706e-91	4.88024e-91	9.73067e-91	2.92987e-91	6.59359e-92	3.03038e-91	4.83404e-92	1.62839e-91	8.24952e-91	6.33442e-91	-6.77432e-91	-1.64213e-90	-1.13062e-91	3.55336e-91	9.09906e-92	6.2235e-92	2.63379e-91	2.25699e-91	1.03935e-91	6.07032e-92	2.80303e-91	-1.3089e-92	3.74781e-92	1.03236e-91	-3.01727e-92	-9.81505e-94	1.73562e-92	1.43416e-91	-9.354e-92	1.92025e-91	4.90756e-92	-1.89594e-91	1.47598e-91	-8.29428e-93	-9.2962e-93	1.27451e-91	-2.6538e-91	1.98285e-92	
-2.15931e-91	2.22624e-91	2.46685e-91	1.57703e-91	1.10516e-91	1.42556e-91	2.13462e-91	2.32913e-91	3.05129e-91	3.00864e-91	2.45747e-91	1.16839e-91	1.56551e-91	2.42489e-91	1.87271e-91	1.35069e-91	1.20984e-91	9.82436e-92	7.03343e-92	5.93921e-92	9.77703e-92	1.65833e-92	-1.60045e-91	6.30111e-92	1.18842e-91	-3.58803e-92	1.66787e-91	1.20755e-91	2.29888e-91	3.23915e-91	2.68657e-91	3.24798e-91	3.24681e-91	2.39985e-91	2.78326e-91	2.78512e-91	2.88561e-91	2.99248e-91	2.24257e-91	5.95115e-92	8.25102e-92	1.56378e-91	1.93576e-91	1.9043e-91	1.04202e-91	-3.92298e-92	-2.90831e-92	5.00941e-92	1.40319e-91	6.86258e-92	-4.15077e-92	2.03091e-92	3.80323e-92	7.80373e-92	7.09792e-92	1.11803e-91	1.36291e-91	1.4031e-91	1.48586e-91	1.16937e-91	1.13884e-91	1.08505e-91	1.10298e-91	9.39077e-92	6.54318e-92	8.28531e-92	6.15062e-92	5.24124e-92	5.79027e-92	9.75491e-93	4.03043e-92	3.23884e-92	-1.71779e-92	5.17157e-92	1.12815e-93	
2.64735e-89	-3.08292e-89	-1.25532e-89	1.0195e-90	7.88057e-90	-4.5653e-90	-2.48663e-90	9.6408e-90	-3.58158e-90	-6.77263e-90	-1.04784e-89	6.86128e-91	-6.95486e-90	-9.73639e-90	7.2253e-90	3.95441e-90	-5.47276e-90	-2.88558e-90	1.02684e-91	-2.49757e-90	5.71882e-91	3.01911e-90	-9.90355e-90	2.06442e-90	-3.58803e-92	9.06412e-89	-3.28619e-89	-2.07355e-89	-1.19069e-89	-1.6948e-89	2.52405e-90	-9.89973e-91	-7.83664e-90	3.20632e-90	-2.74064e-89	-2.58459e-89	-1.10806e-89	-8.75525e-90	-1.60038e-89	-3.07193e-90	-2.02862e-89	-1.50014e-89	1.26511e-90	-5.02015e-90	-8.83695e-90	-2.9204e-90	-4.00247e-90	-9.66792e-90	1.01995e-89	-1.08041e-90	1.63423e-89	2.08329e-91	-2.15951e-90	1.34403e-90	-2.4039e-90	-4.47179e-90	-9.08875e-90	-8.69759e-90	-1.00203e-89	-1.19505e-89	-7.8726e-90	-8.51867e-90	-1.02514e-89	-7.52418e-90	-2.72545e-90	-6.38907e-90	-3.67337e-90	-1.95816e-90	-6.57914e-90	-9.12397e-91	-1.34353e-90	-2.49546e-90	4.0126e-90	-1.22232e-89	6.26036e-91	
-3.20682e-89	2.32603e-89	1.28881e-89	5.26298e-90	1.95465e-90	1.20262e-89	9.90101e-90	-1.09082e-91	1.13944e-89	1.37958e-89	1.49118e-89	4.7732e-90	1.17398e-89	1.43582e-89	-8.3074e-91	1.28604e-90	8.45984e-90	5.46937e-90	3.58028e-90	4.92041e-90	1.12406e-90	-1.70191e-90	8.71002e-90	-1.59237e-91	1.66787e-91	-3.28619e-89	5.3664e-89	3.47074e-89	2.11709e-89	2.35153e-89	6.81221e-90	9.95102e-90	1.62937e-89	7.59084e-90	3.30717e-89	3.16828e-89	1.91691e-89	1.61937e-89	2.01384e-89	7.68165e-90	2.13104e-89	1.69661e-89	2.41047e-90	5.89968e-90	8.34909e-90	2.70899e-90	3.83597e-90	9.70237e-90	-6.99679e-90	8.4157e-91	-9.87941e-90	3.36118e-90	5.0696e-90	2.46176e-90	5.21066e-90	6.36975e-90	1.06152e-89	1.00698e-89	1.09948e-89	1.21304e-89	9.05783e-90	8.53195e-90	1.0081e-89	8.58138e-90	3.8027e-90	6.81195e-90	4.62737e-90	2.32288e-90	6.51032e-90	1.47071e-90	1.37537e-90	2.60091e-90	-3.43034e-90	1.06292e-89	-5.20982e-91	
-1.36958e-89	1.38506e-89	5.11478e-90	2.13904e-90	3.37474e-90	1.14507e-89	1.16757e-89	6.07323e-90	1.26802e-89	1.42113e-89	1.44085e-89	8.2907e-90	1.15642e-89	1.21675e-89	2.57776e-90	3.0546e-90	7.00733e-90	6.12237e-90	5.07356e-90	4.08256e-90	9.74095e-91	-2.11272e-91	5.82639e-90	6.4727e-91	1.20755e-91	-2.07355e-89	3.47074e-89	3.6512e-89	3.01021e-89	2.67069e-89	1.32048e-89	1.34662e-89	1.83063e-89	1.54446e-89	2.87376e-89	2.5426e-89	1.63344e-89	1.46061e-89	1.86745e-89	1.37988e-89	2.00024e-89	1.44282e-89	2.99506e-90	3.67862e-90	7.2932e-90	6.0426e-90	4.08361e-90	4.77669e-90	-3.71464e-90	8.06824e-91	-4.69656e-90	3.08981e-90	4.49384e-90	3.11042e-90	4.72862e-90	5.6187e-90	7.92173e-90	7.65429e-90	8.08424e-90	8.73696e-90	6.72016e-90	6.20694e-90	6.66461e-90	6.3305e-90	3.1935e-90	4.69401e-90	3.61184e-90	1.83199e-90	4.25997e-90	1.3781e-90	9.83163e-91	1.70084e-90	-1.60008e-90	5.90586e-90	-2.50656e-91	
-5.22051e-90	1.01673e-89	4.64942e-90	1.11515e-90	3.13608e-90	1.06427e-89	1.38961e-89	1.19695e-89	1.4944e-89	1.56778e-89	1.52733e-89	1.12399e-89	1.24004e-89	1.24688e-89	6.55808e-90	5.78762e-90	7.42738e-90	6.48046e-90	5.39513e-90	4.29469e-90	2.52976e-90	1.70053e-90	3.64915e-90	6.10563e-91	2.29888e-91	-1.19069e-89	2.11709e-89	3.01021e-89	3.78323e-89	3.71279e-89	2.61722e-89	2.27517e-89	2.30962e-89	2.02543e-89	2.56493e-89	2.36723e-89	2.01742e-89	1.92985e-89	1.9706e-89	1.57537e-89	1.79724e-89	1.38341e-89	7.10616e-90	6.91473e-90	7.25565e-90	4.57901e-90	3.65372e-90	4.76693e-90	1.14174e-91	5.39741e-91	-2.37307e-90	2.42354e-90	3.74849e-90	3.21358e-90	4.59216e-90	5.25959e-90	6.59766e-90	6.35332e-90	6.63942e-90	6.98395e-90	5.70832e-90	5.01105e-90	4.78837e-90	5.2017e-90	2.74334e-90	3.67757e-90	3.04813e-90	1.60788e-90	2.98924e-90	1.19621e-90	9.56077e-91	1.08391e-90	-5.20773e-91	3.19179e-90	-9.69818e-92	
-9.90077e-90	1.4283e-89	9.93e-90	4.795e-90	2.8731e-90	1.05997e-89	1.49556e-89	1.41492e-89	1.92347e-89	1.99646e-89	1.96781e-89	1.42914e-89	1.62531e-89	1.65155e-89	8.99132e-90	8.40441e-90	9.87657e-90	6.84837e-90	5.52254e-90	6.06563e-90	4.15946e-90	2.1038e-90	4.49946e-90	4.95849e-91	3.23915e-91	-1.6948e-89	2.35153e-89	2.67069e-89	3.71279e-89	5.12294e-89	4.4441e-89	3.79988e-89	3.26627e-89	2.34714e-89	3.0874e-89	3.16562e-89	2.8556e-89	2.6491e-89	2.53401e-89	1.67105e-89	1.8921e-89	1.72324e-89	1.32575e-89	1.2897e-89	8.72536e-90	2.45851e-90	4.12332e-90	8.41531e-90	1.15382e-90	3.56438e-91	-4.39747e-90	1.53778e-90	3.88138e-90	3.05712e-90	5.22546e-90	6.66016e-90	8.54878e-90	8.57167e-90	8.73337e-90	9.61192e-90	7.61511e-90	7.14939e-90	6.80439e-90	6.77031e-90	3.52515e-90	5.14729e-90	3.87091e-90	2.22975e-90	4.0788e-90	1.21802e-90	1.59426e-90	1.40253e-90	-8.47631e-91	4.45495e-90	-1.53161e-91	
1.12115e-90	4.85537e-90	7.25325e-90	7.46367e-90	6.68067e-90	7.90283e-90	1.1903e-89	1.60055e-89	1.77842e-89	1.76561e-89	1.72587e-89	1.61252e-89	1.5354e-89	1.41509e-89	1.19001e-89	9.90215e-90	7.74704e-90	5.04445e-90	5.03019e-90	5.73052e-90	4.82695e-90	3.36256e-90	1.77657e-90	1.15793e-90	2.68657e-91	2.52405e-90	6.81221e-90	1.32048e-89	2.61722e-89	4.4441e-89	5.54842e-89	5.09843e-89	3.97945e-89	3.13314e-89	2.77384e-89	2.7414e-89	2.67979e-89	2.45425e-89	2.14545e-89	1.75366e-89	1.41476e-89	1.45411e-89	1.63418e-89	1.30753e-89	6.74579e-90	2.25054e-90	2.86413e-90	4.81306e-90	4.49487e-90	2.32652e-92	-5.9804e-91	1.59221e-91	2.32356e-90	2.73921e-90	4.07222e-90	5.30991e-90	5.76187e-90	6.25872e-90	5.82008e-90	6.30982e-90	5.45061e-90	5.104e-90	4.12122e-90	4.38275e-90	2.93381e-90	3.43558e-90	2.56978e-90	1.85732e-90	2.01608e-90	8.02671e-91	1.52232e-90	4.71721e-91	7.00695e-91	3.69413e-91	5.10707e-92	
-2.16817e-90	7.23991e-90	8.80486e-90	9.19187e-90	9.74252e-90	1.10404e-89	1.17873e-89	1.30804e-89	1.6668e-89	1.77632e-89	1.8484e-89	1.67742e-89	1.66799e-89	1.55845e-89	1.14665e-89	9.2099e-90	7.97241e-90	5.74563e-90	5.63946e-90	6.16454e-90	4.51209e-90	2.88061e-90	2.79595e-90	1.49286e-90	3.24798e-91	-9.89973e-91	9.95102e-90	1.34662e-89	2.27517e-89	3.79988e-89	5.09843e-89	5.85274e-89	5.53548e-89	4.62216e-89	4.0875e-89	3.60183e-89	3.09148e-89	2.64849e-89	2.3745e-89	2.05526e-89	2.02164e-89	1.83657e-89	1.54587e-89	1.27761e-89	9.42124e-90	5.52549e-90	3.78193e-90	4.04057e-90	2.58924e-90	4.07144e-91	-2.03363e-90	1.25686e-92	2.37971e-90	2.69976e-90	4.42642e-90	5.70634e-90	6.6614e-90	7.35271e-90	6.57083e-90	7.46219e-90	6.48241e-90	5.81635e-90	5.22236e-90	5.17198e-90	3.39357e-90	4.08133e-90	2.92587e-90	2.28919e-90	2.43986e-90	9.44752e-91	1.75511e-90	6.23437e-91	3.98414e-91	1.40835e-90	-5.36895e-93	
-6.53998e-90	1.01868e-89	9.87835e-90	9.99565e-90	1.16506e-89	1.50729e-89	1.39268e-89	1.08945e-89	1.54887e-89	1.74006e-89	1.92333e-89	1.71983e-89	1.83048e-89	1.72076e-89	1.03607e-89	8.20426e-90	8.62837e-90	7.09138e-90	6.79983e-90	6.81597e-90	4.22955e-90	2.33045e-90	4.06688e-90	1.7583e-90	3.24681e-91	-7.83664e-90	1.62937e-89	1.83063e-89	2.30962e-89	3.26627e-89	3.97945e-89	5.53548e-89	6.8247e-89	6.45309e-89	5.89286e-89	4.73353e-89	3.54413e-89	2.87573e-89	2.77386e-89	2.62414e-89	2.85424e-89	2.23719e-89	1.38012e-89	1.20102e-89	1.19151e-89	9.28501e-90	5.37849e-90	3.08293e-90	-4.96715e-91	9.56305e-91	-3.60783e-90	4.33079e-91	2.78687e-90	2.83342e-90	5.11992e-90	6.39873e-90	7.92175e-90	8.73379e-90	7.83079e-90	9.05744e-90	7.66471e-90	6.68552e-90	6.48023e-90	6.29344e-90	3.96329e-90	4.80015e-90	3.55614e-90	2.70069e-90	3.10733e-90	1.31162e-90	1.81315e-90	8.56198e-91	4.20536e-92	2.75795e-90	-7.19877e-92	
1.83015e-90	2.96382e-90	6.00543e-90	9.84536e-90	1.35536e-89	1.51892e-89	1.5094e-89	1.32787e-89	1.30142e-89	1.31547e-89	1.50901e-89	1.72713e-89	1.66144e-89	1.4237e-89	1.12408e-89	8.98614e-90	7.82064e-90	6.89892e-90	6.94548e-90	6.10688e-90	3.94912e-90	2.67421e-90	2.07698e-90	2.48621e-90	2.39985e-91	3.20632e-90	7.59084e-90	1.54446e-89	2.02543e-89	2.34714e-89	3.13314e-89	4.62216e-89	6.45309e-89	7.519e-89	6.64802e-89	4.971e-89	3.47922e-89	2.73924e-89	2.68611e-89	2.96647e-89	2.67748e-89	1.9529e-89	1.32266e-89	1.039e-89	1.07108e-89	1.06382e-89	5.67574e-90	-2.35193e-91	-4.44476e-91	8.28261e-91	-8.73934e-92	8.10161e-91	2.22618e-90	3.13824e-90	4.44272e-90	4.97064e-90	5.53295e-90	6.2331e-90	5.37206e-90	5.84919e-90	5.31045e-90	4.35965e-90	3.91624e-90	4.14101e-90	3.26672e-90	3.0782e-90	2.40557e-90	2.28373e-90	1.42654e-90	1.05438e-90	1.51159e-90	1.52199e-92	1.14409e-90	-1.64521e-91	7.84645e-92	
-1.72721e-89	1.92042e-89	1.50987e-89	1.21076e-89	1.19666e-89	1.98298e-89	1.9319e-89	1.15953e-89	1.76427e-89	1.75011e-89	1.97158e-89	1.54679e-89	1.94277e-89	1.98644e-89	8.92981e-90	9.133e-90	1.25076e-89	8.56857e-90	6.70295e-90	7.86988e-90	4.51072e-90	1.63193e-90	7.06766e-90	1.3609e-90	2.78326e-91	-2.74064e-89	3.30717e-89	2.87376e-89	2.56493e-89	3.0874e-89	2.77384e-89	4.0875e-89	5.89286e-89	6.64802e-89	8.47728e-89	7.29505e-89	5.018e-89	3.98308e-89	3.90122e-89	2.9535e-89	3.40483e-89	2.70586e-89	1.48666e-89	1.47888e-89	1.49961e-89	9.47579e-90	6.6996e-90	7.24679e-90	-4.27229e-90	9.31581e-91	-7.03665e-90	2.13499e-90	4.64544e-90	3.64259e-90	6.60844e-90	7.78689e-90	1.10117e-89	1.12296e-89	1.12109e-89	1.22848e-89	9.81349e-90	8.9862e-90	9.5611e-90	8.71132e-90	4.82628e-90	6.81404e-90	4.69981e-90	3.40981e-90	5.22883e-90	1.60789e-90	2.28051e-90	1.39991e-90	-1.1059e-90	6.51669e-90	-2.54954e-91	
-1.74172e-89	1.94996e-89	1.59193e-89	1.22296e-89	1.10932e-89	1.88129e-89	1.89644e-89	1.24502e-89	1.87123e-89	1.8392e-89	1.86066e-89	1.2404e-89	1.66814e-89	1.83167e-89	8.35069e-90	9.35735e-90	1.26747e-89	7.86219e-90	5.84898e-90	7.67242e-90	4.88576e-90	1.8111e-90	6.49129e-90	7.50652e-91	2.78512e-91	-2.58459e-89	3.16828e-89	2.5426e-89	2.36723e-89	3.16562e-89	2.7414e-89	3.60183e-89	4.73353e-89	4.971e-89	7.29505e-89	7.47633e-89	6.03587e-89	4.76515e-89	4.02092e-89	2.5527e-89	2.94701e-89	2.50524e-89	1.54555e-89	1.5606e-89	1.38509e-89	6.66659e-90	5.85006e-90	9.50439e-90	-2.30561e-90	4.10974e-91	-7.01215e-90	1.7875e-90	4.49125e-90	3.16154e-90	6.1745e-90	7.33533e-90	1.05389e-89	1.08622e-89	1.0673e-89	1.19546e-89	9.29433e-90	8.81977e-90	9.26018e-90	8.41673e-90	4.33371e-90	6.66353e-90	4.69109e-90	2.9939e-90	5.21026e-90	1.48664e-90	2.09913e-90	1.48886e-90	-1.295e-90	6.60595e-90	-2.65896e-91	
-9.75751e-90	1.27086e-89	1.22484e-89	1.0425e-89	1.02754e-89	1.56535e-89	1.66335e-89	1.35792e-89	1.72767e-89	1.69489e-89	1.51357e-89	9.26617e-90	1.13413e-89	1.31236e-89	7.83153e-90	8.81308e-90	1.05883e-89	6.72896e-90	5.38781e-90	6.49611e-90	4.55176e-90	2.26629e-90	3.84328e-90	6.27279e-91	2.88561e-91	-1.10806e-89	1.91691e-89	1.63344e-89	2.01742e-89	2.8556e-89	2.67979e-89	3.09148e-89	3.54413e-89	3.47922e-89	5.018e-89	6.03587e-89	6.04265e-89	5.0829e-89	3.80127e-89	2.30282e-89	2.22021e-89	1.93312e-89	1.40296e-89	1.3231e-89	1.05248e-89	4.82103e-90	4.64405e-90	7.90072e-90	9.5561e-91	-2.55377e-93	-3.98335e-90	9.3963e-91	3.24402e-90	2.40063e-90	4.61537e-90	5.51226e-90	7.49168e-90	7.92626e-90	7.41186e-90	8.58244e-90	6.69458e-90	6.36144e-90	6.30987e-90	5.97261e-90	3.08513e-90	4.73308e-90	3.49479e-90	2.09136e-90	3.47352e-90	1.06797e-90	1.53825e-90	9.47832e-91	-5.22302e-91	3.80821e-90	-1.34877e-91	
-7.88774e-90	1.10928e-89	1.06158e-89	8.84248e-90	8.82458e-90	1.39999e-89	1.51213e-89	1.27786e-89	1.65447e-89	1.65214e-89	1.4577e-89	8.55186e-90	8.72373e-90	9.74869e-90	5.809e-90	7.30203e-90	9.36491e-90	6.79986e-90	5.9476e-90	6.06371e-90	3.74894e-90	1.89317e-90	3.25349e-90	6.11706e-91	2.99248e-91	-8.75525e-90	1.61937e-89	1.46061e-89	1.92985e-89	2.6491e-89	2.45425e-89	2.64849e-89	2.87573e-89	2.73924e-89	3.98308e-89	4.76515e-89	5.0829e-89	4.95699e-89	4.19737e-89	2.76767e-89	2.33744e-89	1.79068e-89	1.12438e-89	1.00632e-89	9.15631e-90	5.59067e-90	4.82093e-90	6.55053e-90	6.86098e-91	2.37655e-91	-3.38365e-90	7.65203e-91	2.73668e-90	1.96444e-90	3.83967e-90	4.79264e-90	6.3494e-90	6.65935e-90	6.44932e-90	7.3572e-90	5.80067e-90	5.47669e-90	5.34619e-90	5.15708e-90	2.72182e-90	4.00479e-90	3.00854e-90	1.83201e-90	2.94487e-90	9.4334e-91	1.23036e-90	8.77406e-91	-3.88398e-91	3.11606e-90	-1.03169e-91	
-9.76564e-90	1.29292e-89	1.02045e-89	7.46428e-90	7.13494e-90	1.33152e-89	1.40053e-89	1.04137e-89	1.59543e-89	1.66864e-89	1.59108e-89	9.9171e-90	9.5797e-90	8.44144e-90	2.31072e-90	4.63762e-90	8.57389e-90	7.4457e-90	6.74552e-90	5.88099e-90	2.72418e-90	1.13969e-90	4.19613e-90	4.88024e-91	2.24257e-91	-1.60038e-89	2.01384e-89	1.86745e-89	1.9706e-89	2.53401e-89	2.14545e-89	2.3745e-89	2.77386e-89	2.68611e-89	3.90122e-89	4.02092e-89	3.80127e-89	4.19737e-89	4.66719e-89	3.82254e-89	3.22868e-89	2.05715e-89	8.61848e-90	7.39257e-90	9.20357e-90	7.86065e-90	6.10434e-90	5.6301e-90	-1.97922e-90	6.35992e-91	-4.50695e-90	1.06309e-90	2.84085e-90	1.81279e-90	3.69991e-90	4.78965e-90	6.65775e-90	6.7198e-90	6.97307e-90	7.77903e-90	5.93704e-90	5.84054e-90	5.86003e-90	5.36604e-90	3.09309e-90	4.02848e-90	3.11279e-90	1.99254e-90	3.24776e-90	1.05191e-90	1.07132e-90	1.19814e-90	-7.82174e-91	3.97737e-90	-1.48637e-91	
9.46844e-91	3.41874e-90	3.78295e-90	4.95473e-90	7.4638e-90	1.02997e-89	1.1171e-89	1.03761e-89	1.23527e-89	1.28277e-89	1.2436e-89	1.06676e-89	8.16588e-90	4.47784e-90	1.16804e-90	1.93081e-90	4.31943e-90	5.98963e-90	6.57629e-90	4.19284e-90	1.85056e-90	1.60361e-90	1.69866e-90	9.73067e-91	5.95115e-92	-3.07193e-90	7.68165e-90	1.37988e-89	1.57537e-89	1.67105e-89	1.75366e-89	2.05526e-89	2.62414e-89	2.96647e-89	2.9535e-89	2.5527e-89	2.30282e-89	2.76767e-89	3.82254e-89	4.53453e-89	3.68497e-89	2.00586e-89	7.63385e-90	3.83834e-90	6.21194e-90	8.60929e-90	5.30351e-90	8.6798e-91	-1.13163e-90	4.81291e-91	-7.08163e-91	6.59361e-91	1.54284e-90	1.65106e-90	2.52498e-90	3.06103e-90	3.52264e-90	3.77567e-90	3.71777e-90	4.12234e-90	3.11439e-90	3.20402e-90	2.69511e-90	2.56843e-90	2.43751e-90	1.67331e-90	1.82119e-90	1.41569e-90	1.05244e-90	9.08176e-91	4.63716e-91	4.42541e-91	4.02746e-91	3.83921e-91	2.81576e-92	
-1.0333e-89	1.17471e-89	7.75822e-90	5.05038e-90	5.8368e-90	1.15269e-89	1.10625e-89	6.51156e-90	1.24138e-89	1.40897e-89	1.46851e-89	9.47354e-90	1.0503e-89	9.20665e-90	4.51447e-91	7.02414e-92	3.60777e-90	4.54358e-90	5.29966e-90	4.63577e-90	1.98864e-90	8.24704e-91	4.34068e-90	2.92987e-91	8.25102e-92	-2.02862e-89	2.13104e-89	2.00024e-89	1.79724e-89	1.8921e-89	1.41476e-89	2.02164e-89	2.85424e-89	2.67748e-89	3.40483e-89	2.94701e-89	2.22021e-89	2.33744e-89	3.22868e-89	3.68497e-89	4.22174e-89	2.92363e-89	1.09473e-89	6.78267e-90	8.04946e-90	6.4442e-90	4.29841e-90	4.18691e-90	-2.91951e-90	4.86634e-91	-4.66397e-90	1.11744e-90	2.43187e-90	1.59486e-90	3.39726e-90	4.35048e-90	6.03446e-90	6.07831e-90	6.46316e-90	7.39629e-90	5.31427e-90	5.24322e-90	5.53076e-90	4.736e-90	2.98733e-90	3.61154e-90	2.8449e-90	1.747e-90	3.0582e-90	1.17209e-90	7.9366e-91	1.11071e-90	-9.34892e-91	4.22343e-90	-1.89666e-91	
-9.27239e-90	1.03622e-89	7.5329e-90	4.96096e-90	4.63662e-90	8.67343e-90	8.74497e-90	5.89728e-90	1.05255e-89	1.14109e-89	1.1655e-89	7.18359e-90	9.07807e-90	9.54621e-90	3.04235e-90	1.63805e-90	1.92371e-90	6.60081e-91	2.12587e-90	3.86593e-90	2.68568e-90	1.31193e-90	3.48095e-90	6.59359e-92	1.56378e-91	-1.50014e-89	1.69661e-89	1.44282e-89	1.38341e-89	1.72324e-89	1.45411e-89	1.83657e-89	2.23719e-89	1.9529e-89	2.70586e-89	2.50524e-89	1.93312e-89	1.79068e-89	2.05715e-89	2.00586e-89	2.92363e-89	2.8994e-89	1.83233e-89	1.1179e-89	6.65741e-90	1.79764e-90	1.51455e-90	4.29935e-90	-8.38844e-91	2.37593e-91	-3.49288e-90	9.06241e-91	2.05846e-90	1.21768e-90	2.59727e-90	3.45967e-90	4.73283e-90	4.63078e-90	5.16493e-90	5.80695e-90	4.24898e-90	4.06498e-90	4.5252e-90	3.92573e-90	2.11474e-90	3.14382e-90	2.24324e-90	1.2117e-90	2.66648e-90	7.7551e-91	8.27165e-91	7.99384e-91	-8.84867e-91	3.65989e-90	-1.80979e-91	
-2.71006e-91	2.96114e-90	4.12325e-90	4.01567e-90	3.4863e-90	4.18846e-90	5.87926e-90	7.22177e-90	7.33578e-90	6.68693e-90	6.12196e-90	5.23091e-90	5.77449e-90	6.15256e-90	5.34616e-90	4.02982e-90	1.05597e-90	-2.42825e-90	-1.54261e-90	1.54074e-90	2.64752e-90	2.08718e-90	7.6742e-91	3.03038e-91	1.93576e-91	1.26511e-90	2.41047e-90	2.99506e-90	7.10616e-90	1.32575e-89	1.63418e-89	1.54587e-89	1.38012e-89	1.32266e-89	1.48666e-89	1.54555e-89	1.40296e-89	1.12438e-89	8.61848e-90	7.63385e-90	1.09473e-89	1.83233e-89	2.24877e-89	1.5661e-89	5.20179e-90	-1.0177e-90	-7.22645e-91	1.41796e-90	1.99997e-90	1.17955e-91	3.0864e-93	2.08849e-91	7.60142e-91	7.16869e-91	1.13576e-90	1.54083e-90	1.56363e-90	1.68208e-90	1.90906e-90	1.99912e-90	1.59622e-90	1.60507e-90	1.59752e-90	1.42823e-90	9.74191e-91	1.26107e-90	9.05277e-91	5.20114e-91	8.35709e-91	2.34351e-91	6.28088e-91	6.17484e-93	8.09216e-92	3.79654e-91	-2.19347e-92	
